10
500
0 12309 8
1 2247 9
2 2623 10
3 171 9
4 8894 3
5 5356 6
6 12851 1
7 1574 7
8 6435 1
9 3877 3
10 11579 8
11 4270 5
12 3549 9
13 3271 5
14 10101 1
15 50 4
16 4224 6
17 1049 5
18 5189 8
19 7622 10
20 47 5
21 10151 8
22 9057 7
23 7261 1
24 9053 1
25 1923 2
26 4446 3
27 789 8
28 3794 5
29 7386 2
30 1887 10
31 3214 8
32 1907 1
33 1196 4
34 1979 6
35 4943 4
36 27 8
37 6054 5
38 12469 1
39 8339 2
40 4136 5
41 1005 5
42 1637 3
43 12616 1
44 5228 7
45 2133 4
46 5859 10
47 14451 9
48 5540 8
49 7777 8
50 6350 8
51 3414 9
52 141 9
53 3427 2
54 4059 9
55 7639 3
56 8775 9
57 9189 6
58 6285 5
59 8983 8
60 1605 5
61 10637 4
62 7308 2
63 3658 9
64 7198 3
65 4659 4
66 10092 6
67 11839 4
68 14835 4
69 1284 3
70 1498 9
71 2729 7
72 5720 7
73 8942 9
74 6420 10
75 4099 9
76 3622 2
77 8725 6
78 6035 2
79 8429 6
80 3999 6
81 4096 2
82 5839 9
83 6845 8
84 5892 7
85 5535 1
86 1982 4
87 6699 2
88 5548 7
89 10082 7
90 10395 4
91 5833 1
92 3311 8
93 2125 9
94 6905 8
95 5348 2
96 3452 8
97 5196 2
98 2209 5
99 8141 6
100 2987 5
101 10510 4
102 6815 10
103 7671 2
104 72 4
105 5762 2
106 8332 2
107 708 9
108 3802 2
109 5146 9
110 1179 9
111 6418 1
112 8807 2
113 1132 7
114 6577 3
115 905 9
116 4825 5
117 2270 4
118 10046 10
119 6840 6
120 4889 4
121 1511 2
122 10731 6
123 13851 10
124 3360 7
125 10562 5
126 12324 1
127 6521 4
128 396 6
129 8885 3
130 4185 4
131 2282 7
132 535 9
133 7477 7
134 8567 7
135 2194 9
136 7342 2
137 149 3
138 8608 1
139 5209 3
140 4160 4
141 4542 1
142 8909 5
143 8376 7
144 7382 2
145 5619 6
146 5350 10
147 7782 1
148 6046 5
149 8071 10
150 3604 5
151 5956 2
152 9674 10
153 14841 2
154 6986 6
155 4549 8
156 4385 8
157 4464 8
158 5078 5
159 49 4
160 2673 9
161 513 3
162 6119 4
163 3665 10
164 7228 8
165 4213 8
166 9438 5
167 5960 5
168 14858 3
169 3533 10
170 2088 1
171 9056 3
172 16377 6
173 3881 10
174 5196 3
175 3981 7
176 10991 8
177 3707 7
178 8060 8
179 3560 4
180 726 1
181 6410 7
182 7264 6
183 10819 8
184 4502 8
185 2221 3
186 7532 1
187 6083 8
188 6262 2
189 4670 5
190 10221 2
191 6662 3
192 13570 3
193 9999 7
194 7965 3
195 2323 8
196 7710 7
197 6891 4
198 8649 3
199 9699 10
200 3196 3
201 8708 2
202 2469 1
203 13796 9
204 993 10
205 2923 6
206 2428 5
207 992 3
208 36 8
209 13802 3
210 3530 2
211 1042 4
212 10014 5
213 2360 1
214 565 9
215 8941 1
216 7805 7
217 3042 2
218 11333 1
219 5580 8
220 12276 4
221 7262 1
222 12014 1
223 5492 7
224 488 4
225 16022 4
226 2544 9
227 4105 3
228 1848 10
229 4084 2
230 6092 3
231 5908 1
232 7974 4
233 13064 5
234 4457 7
235 549 1
236 320 1
237 2004 6
238 2533 4
239 8712 7
240 2758 4
241 3600 4
242 4991 2
243 1284 6
244 1124 7
245 8036 2
246 7783 6
247 3005 3
248 13147 8
249 875 3
250 3447 6
251 3961 10
252 7568 2
253 13718 7
254 6648 6
255 299 1
256 14230 10
257 7635 4
258 6932 10
259 2268 9
260 5478 2
261 1865 10
262 8577 5
263 3315 6
264 5603 9
265 10409 4
266 6281 9
267 6181 1
268 6244 6
269 1700 3
270 8762 4
271 11945 5
272 8414 5
273 8982 9
274 1052 7
275 1094 6
276 1483 7
277 10545 1
278 3856 4
279 11299 10
280 1481 6
281 3031 1
282 5429 8
283 9146 3
284 5273 7
285 5950 4
286 5074 2
287 5797 7
288 24 7
289 5364 9
290 4160 3
291 4744 10
292 7215 3
293 1936 5
294 4619 6
295 3661 10
296 6877 10
297 8531 7
298 700 3
299 7636 7
300 14296 8
301 1620 1
302 1264 6
303 1037 2
304 3744 6
305 12302 7
306 5060 4
307 1873 10
308 7798 2
309 2300 5
310 10055 5
311 6373 9
312 11249 1
313 2023 10
314 18638 3
315 8710 10
316 7945 10
317 4769 4
318 1734 3
319 1095 7
320 4388 3
321 1412 4
322 6272 7
323 1282 8
324 7794 2
325 9302 4
326 1823 10
327 10367 1
328 3929 4
329 10198 8
330 6971 2
331 10050 1
332 513 1
333 4519 1
334 11531 1
335 2218 4
336 4167 2
337 3741 4
338 6278 1
339 4513 8
340 3147 6
341 10753 1
342 3009 2
343 6455 10
344 4505 9
345 5038 3
346 4243 6
347 4216 1
348 7075 8
349 291 1
350 9545 4
351 9140 1
352 4122 3
353 8624 9
354 1843 2
355 2582 4
356 5703 3
357 4144 5
358 2980 4
359 1973 9
360 2491 10
361 9226 8
362 3744 6
363 6586 10
364 3936 9
365 8275 6
366 7317 1
367 7521 10
368 7630 8
369 6459 6
370 5098 2
371 2890 1
372 8839 4
373 3141 5
374 13256 2
375 7539 2
376 14620 6
377 1465 4
378 2901 9
379 8216 3
380 8837 7
381 5159 7
382 1924 1
383 2984 3
384 7780 3
385 4171 9
386 4478 10
387 4210 5
388 797 10
389 2601 1
390 1419 2
391 12955 3
392 2860 3
393 7149 5
394 401 9
395 8575 7
396 3429 7
397 9142 10
398 4840 3
399 14497 2
400 879 9
401 5343 6
402 6652 1
403 10548 10
404 3097 4
405 5389 5
406 4641 6
407 1264 4
408 7032 7
409 9968 4
410 3732 4
411 14253 8
412 12921 7
413 4727 8
414 5860 8
415 2999 8
416 1499 4
417 10021 1
418 6396 8
419 4424 4
420 3970 3
421 12260 10
422 3313 5
423 1625 1
424 14245 7
425 5240 10
426 2843 5
427 6575 1
428 5077 9
429 3068 3
430 10438 3
431 10020 4
432 8783 7
433 4537 1
434 10161 9
435 4776 1
436 7099 9
437 9651 7
438 8639 7
439 13053 8
440 7030 10
441 2578 7
442 220 3
443 11075 8
444 3509 6
445 6739 4
446 1168 5
447 9503 5
448 3268 9
449 11561 4
450 2604 1
451 10031 7
452 8034 6
453 1749 1
454 9945 10
455 942 8
456 1298 6
457 8247 5
458 2185 6
459 2327 7
460 3452 10
461 499 3
462 9702 2
463 7738 3
464 4688 9
465 4512 10
466 7025 8
467 12944 1
468 8919 7
469 2711 2
470 8498 2
471 4465 9
472 4104 2
473 13399 5
474 3114 3
475 2843 1
476 3784 4
477 1310 2
478 7030 3
479 1872 9
480 7319 3
481 16 10
482 1547 9
483 8035 4
484 11574 5
485 7666 2
486 10390 9
487 12670 8
488 9680 10
489 867 5
490 4525 3
491 7835 6
492 3133 2
493 7033 7
494 2106 2
495 1271 9
496 7379 10
497 5066 5
498 15 8
499 4920 2
0
20
3 1
5 6
6 2
2 4
9 7
6 5
10 3
8 4
5 6
8 9
3 4
7 9
2 1
1 2
4 10
4 1
9 5
4 2
7 4
7 9
30
2 6
4 1
2 7
1 10
5 7
3 1
8 10
3 8
4 5
9 3
7 6
7 10
4 1
8 1
6 5
7 4
7 1
4 3
3 5
9 10
3 4
3 7
6 7
10 1
6 10
5 1
9 7
6 9
4 8
8 6
0
