20
1000
0 12309 8
1 2247 20
2 2623 15
3 171 1
4 8894 5
5 5356 16
6 12851 16
7 1574 5
8 6435 14
9 3877 13
10 11579 16
11 4270 7
12 3549 7
13 3271 1
14 10101 5
15 50 16
16 4224 19
17 1049 3
18 5189 17
19 7622 17
20 47 9
21 10151 1
22 9057 9
23 7261 16
24 9053 5
25 1923 7
26 4446 18
27 789 9
28 3794 5
29 7386 15
30 1887 5
31 3214 1
32 1907 8
33 1196 17
34 1979 13
35 4943 7
36 27 5
37 6054 1
38 12469 9
39 8339 2
40 4136 14
41 1005 16
42 1637 16
43 12616 6
44 5228 19
45 2133 7
46 5859 19
47 14451 16
48 5540 7
49 7777 4
50 6350 10
51 3414 15
52 141 17
53 3427 11
54 4059 11
55 7639 7
56 8775 15
57 9189 8
58 6285 3
59 8983 7
60 1605 3
61 10637 17
62 7308 11
63 3658 8
64 7198 18
65 4659 14
66 10092 4
67 11839 14
68 14835 13
69 1284 1
70 1498 18
71 2729 16
72 5720 16
73 8942 16
74 6420 9
75 4099 17
76 3622 5
77 8725 11
78 6035 11
79 8429 15
80 3999 19
81 4096 10
82 5839 20
83 6845 14
84 5892 6
85 5535 8
86 1982 16
87 6699 14
88 5548 14
89 10082 11
90 10395 9
91 5833 3
92 3311 11
93 2125 14
94 6905 18
95 5348 17
96 3452 11
97 5196 5
98 2209 16
99 8141 14
100 2987 10
101 10510 4
102 6815 4
103 7671 13
104 72 14
105 5762 12
106 8332 10
107 708 20
108 3802 15
109 5146 4
110 1179 16
111 6418 4
112 8807 7
113 1132 15
114 6577 2
115 905 19
116 4825 20
117 2270 18
118 10046 13
119 6840 15
120 4889 5
121 1511 17
122 10731 17
123 13851 4
124 3360 8
125 10562 6
126 12324 5
127 6521 7
128 396 20
129 8885 4
130 4185 20
131 2282 18
132 535 19
133 7477 17
134 8567 7
135 2194 17
136 7342 1
137 149 11
138 8608 2
139 5209 2
140 4160 2
141 4542 8
142 8909 17
143 8376 4
144 7382 8
145 5619 15
146 5350 11
147 7782 6
148 6046 5
149 8071 16
150 3604 6
151 5956 4
152 9674 8
153 14841 4
154 6986 5
155 4549 17
156 4385 16
157 4464 6
158 5078 10
159 49 11
160 2673 8
161 513 4
162 6119 20
163 3665 11
164 7228 18
165 4213 15
166 9438 5
167 5960 8
168 14858 5
169 3533 19
170 2088 9
171 9056 7
172 16377 19
173 3881 19
174 5196 8
175 3981 2
176 10991 5
177 3707 7
178 8060 16
179 3560 19
180 726 3
181 6410 4
182 7264 4
183 10819 4
184 4502 20
185 2221 7
186 7532 16
187 6083 14
188 6262 4
189 4670 8
190 10221 7
191 6662 3
192 13570 14
193 9999 7
194 7965 17
195 2323 19
196 7710 5
197 6891 12
198 8649 5
199 9699 18
200 3196 17
201 8708 11
202 2469 15
203 13796 3
204 993 6
205 2923 18
206 2428 7
207 992 15
208 36 10
209 13802 13
210 3530 19
211 1042 10
212 10014 13
213 2360 20
214 565 11
215 8941 7
216 7805 18
217 3042 8
218 11333 16
219 5580 3
220 12276 2
221 7262 15
222 12014 2
223 5492 7
224 488 10
225 16022 9
226 2544 15
227 4105 11
228 1848 15
229 4084 20
230 6092 3
231 5908 5
232 7974 20
233 13064 10
234 4457 2
235 549 19
236 320 7
237 2004 4
238 2533 18
239 8712 11
240 2758 11
241 3600 13
242 4991 6
243 1284 12
244 1124 3
245 8036 13
246 7783 14
247 3005 12
248 13147 6
249 875 19
250 3447 20
251 3961 9
252 7568 12
253 13718 11
254 6648 13
255 299 20
256 14230 2
257 7635 6
258 6932 6
259 2268 3
260 5478 8
261 1865 18
262 8577 19
263 3315 17
264 5603 20
265 10409 17
266 6281 2
267 6181 5
268 6244 5
269 1700 16
270 8762 8
271 11945 15
272 8414 20
273 8982 14
274 1052 15
275 1094 8
276 1483 16
277 10545 16
278 3856 9
279 11299 15
280 1481 8
281 3031 17
282 5429 3
283 9146 12
284 5273 19
285 5950 19
286 5074 18
287 5797 19
288 24 6
289 5364 10
290 4160 10
291 4744 18
292 7215 6
293 1936 3
294 4619 20
295 3661 16
296 6877 10
297 8531 20
298 700 3
299 7636 10
300 14296 8
301 1620 9
302 1264 2
303 1037 17
304 3744 8
305 12302 10
306 5060 2
307 1873 14
308 7798 16
309 2300 15
310 10055 7
311 6373 1
312 11249 5
313 2023 13
314 18638 6
315 8710 1
316 7945 19
317 4769 12
318 1734 17
319 1095 4
320 4388 1
321 1412 18
322 6272 18
323 1282 10
324 7794 11
325 9302 13
326 1823 11
327 10367 8
328 3929 14
329 10198 19
330 6971 5
331 10050 13
332 513 7
333 4519 6
334 11531 17
335 2218 6
336 4167 20
337 3741 5
338 6278 1
339 4513 7
340 3147 15
341 10753 17
342 3009 17
343 6455 3
344 4505 8
345 5038 9
346 4243 10
347 4216 13
348 7075 4
349 291 9
350 9545 4
351 9140 19
352 4122 8
353 8624 14
354 1843 3
355 2582 3
356 5703 3
357 4144 10
358 2980 2
359 1973 6
360 2491 15
361 9226 6
362 3744 3
363 6586 9
364 3936 7
365 8275 20
366 7317 9
367 7521 15
368 7630 9
369 6459 17
370 5098 18
371 2890 13
372 8839 20
373 3141 11
374 13256 8
375 7539 14
376 14620 12
377 1465 2
378 2901 15
379 8216 17
380 8837 8
381 5159 13
382 1924 4
383 2984 18
384 7780 1
385 4171 7
386 4478 14
387 4210 1
388 797 15
389 2601 8
390 1419 7
391 12955 12
392 2860 5
393 7149 3
394 401 15
395 8575 12
396 3429 11
397 9142 9
398 4840 16
399 14497 17
400 879 7
401 5343 1
402 6652 8
403 10548 9
404 3097 16
405 5389 11
406 4641 7
407 1264 3
408 7032 20
409 9968 11
410 3732 19
411 14253 20
412 12921 4
413 4727 17
414 5860 9
415 2999 15
416 1499 15
417 10021 13
418 6396 13
419 4424 1
420 3970 9
421 12260 19
422 3313 15
423 1625 3
424 14245 11
425 5240 11
426 2843 4
427 6575 9
428 5077 9
429 3068 12
430 10438 17
431 10020 2
432 8783 15
433 4537 1
434 10161 1
435 4776 19
436 7099 8
437 9651 19
438 8639 2
439 13053 3
440 7030 7
441 2578 1
442 220 1
443 11075 11
444 3509 11
445 6739 6
446 1168 10
447 9503 4
448 3268 13
449 11561 1
450 2604 1
451 10031 11
452 8034 1
453 1749 2
454 9945 8
455 942 2
456 1298 2
457 8247 20
458 2185 20
459 2327 10
460 3452 10
461 499 6
462 9702 11
463 7738 18
464 4688 5
465 4512 6
466 7025 15
467 12944 5
468 8919 17
469 2711 8
470 8498 9
471 4465 18
472 4104 8
473 13399 18
474 3114 3
475 2843 3
476 3784 17
477 1310 17
478 7030 16
479 1872 3
480 7319 14
481 16 13
482 1547 2
483 8035 3
484 11574 11
485 7666 4
486 10390 20
487 12670 16
488 9680 1
489 867 11
490 4525 5
491 7835 11
492 3133 7
493 7033 17
494 2106 3
495 1271 17
496 7379 8
497 5066 15
498 15 1
499 4920 5
500 2737 15
501 5257 4
502 1402 1
503 3687 20
504 3834 4
505 5851 1
506 2462 15
507 5403 16
508 2294 19
509 7502 18
510 12622 14
511 5885 13
512 5764 4
513 238 18
514 8120 1
515 1588 14
516 1360 18
517 7508 1
518 5814 13
519 9982 11
520 11492 14
521 2571 10
522 5577 7
523 12921 20
524 9349 10
525 8208 10
526 10877 12
527 2279 11
528 7864 8
529 11341 16
530 12294 20
531 1372 6
532 3867 9
533 6722 12
534 3699 9
535 3236 16
536 8078 2
537 3409 7
538 3045 8
539 6628 13
540 3089 15
541 1708 4
542 2045 14
543 9562 16
544 5022 18
545 2647 9
546 3758 15
547 10530 7
548 10893 15
549 197 4
550 4200 12
551 1797 16
552 9550 8
553 1644 16
554 4355 8
555 9648 17
556 3999 20
557 11615 20
558 1084 20
559 6661 8
560 8839 1
561 4371 10
562 11238 9
563 7466 20
564 2368 10
565 22813 2
566 7918 1
567 5483 11
568 1294 15
569 5367 18
570 2930 1
571 7899 11
572 6672 11
573 13338 12
574 5640 1
575 7310 6
576 6676 11
577 4331 20
578 4174 18
579 9954 18
580 8510 20
581 2167 4
582 10 18
583 4696 14
584 10226 19
585 4876 14
586 12858 12
587 1512 11
588 5637 18
589 6323 7
590 2319 20
591 3608 8
592 7299 20
593 12697 9
594 5157 10
595 11542 6
596 7977 6
597 9438 1
598 2902 20
599 11232 20
600 171 12
601 7228 6
602 715 11
603 2668 11
604 1576 2
605 2676 17
606 6580 20
607 4690 4
608 1064 16
609 11618 6
610 6517 18
611 9536 2
612 8533 1
613 2008 3
614 3752 18
615 880 2
616 10513 11
617 259 20
618 8672 14
619 2244 2
620 6768 2
621 3207 16
622 10251 8
623 4821 2
624 8986 3
625 5854 2
626 8591 14
627 4541 6
628 8345 11
629 1793 18
630 136 19
631 8264 11
632 4823 18
633 3970 16
634 4191 11
635 7257 4
636 2329 10
637 7296 15
638 878 12
639 3167 17
640 9432 14
641 9820 20
642 62 8
643 8773 8
644 323 13
645 8298 6
646 3544 2
647 26 1
648 2709 7
649 4250 18
650 11406 7
651 9067 1
652 12089 8
653 10429 18
654 3727 13
655 3801 14
656 9810 16
657 5181 12
658 4293 6
659 1008 1
660 4520 7
661 7559 14
662 2947 6
663 590 10
664 8116 5
665 2845 16
666 3519 20
667 11061 11
668 279 16
669 6424 11
670 3528 19
671 5403 15
672 6846 2
673 8869 15
674 955 9
675 6438 3
676 6431 16
677 4913 9
678 5675 9
679 7085 14
680 6790 4
681 517 19
682 381 1
683 16276 13
684 13639 4
685 1262 9
686 7025 8
687 7823 7
688 8381 17
689 5631 11
690 829 15
691 4179 12
692 2789 11
693 5604 9
694 3792 5
695 4407 10
696 9583 17
697 10537 1
698 314 19
699 2930 4
700 1441 9
701 10506 11
702 4732 15
703 11520 13
704 2850 7
705 5116 19
706 1069 16
707 10861 1
708 3368 16
709 1683 10
710 2333 1
711 5372 16
712 4856 10
713 5506 9
714 6296 19
715 11741 20
716 3645 19
717 8633 14
718 6405 17
719 4130 14
720 4345 15
721 9263 9
722 2732 12
723 5080 5
724 717 16
725 6273 12
726 5486 3
727 5132 12
728 4393 5
729 9721 20
730 9347 20
731 8266 20
732 19944 12
733 2298 20
734 3292 5
735 433 20
736 6961 9
737 1906 1
738 7142 4
739 460 20
740 5325 11
741 9544 16
742 2006 14
743 2244 5
744 4372 11
745 1721 14
746 7390 18
747 5018 16
748 6445 2
749 1736 1
750 11914 14
751 4998 4
752 10820 10
753 3024 6
754 7655 15
755 1942 20
756 720 8
757 1830 7
758 4793 1
759 4015 10
760 11926 13
761 169 6
762 93 14
763 12650 14
764 7739 10
765 3466 20
766 7237 12
767 6067 15
768 4649 6
769 3336 6
770 4921 17
771 8291 16
772 9295 13
773 5430 13
774 9650 6
775 4341 7
776 1141 20
777 796 6
778 7441 19
779 3811 19
780 8050 11
781 20 13
782 3383 18
783 7274 19
784 10480 13
785 3733 13
786 1372 14
787 5220 14
788 2317 9
789 8877 13
790 4388 15
791 6628 12
792 6916 6
793 5220 19
794 9960 17
795 533 8
796 9988 17
797 1836 3
798 8264 13
799 3541 13
800 8664 15
801 8512 6
802 1588 20
803 4304 12
804 4584 3
805 3929 7
806 1599 20
807 13331 15
808 5940 19
809 11997 5
810 2438 10
811 221 18
812 5595 14
813 2465 4
814 15755 11
815 6104 9
816 10186 4
817 3990 14
818 3532 15
819 4860 15
820 6600 1
821 8823 20
822 4450 7
823 1936 8
824 194 10
825 4654 13
826 7578 3
827 7060 12
828 4919 3
829 2299 9
830 5660 16
831 7573 14
832 4834 7
833 5505 3
834 4322 14
835 9119 4
836 3028 17
837 5834 14
838 6774 6
839 8264 13
840 11731 4
841 8039 11
842 7696 11
843 1616 9
844 7728 17
845 15321 20
846 1264 4
847 412 17
848 4034 4
849 9595 3
850 7361 1
851 2852 19
852 4838 9
853 9666 8
854 8026 6
855 15929 13
856 9525 4
857 6591 16
858 7766 18
859 3429 14
860 600 5
861 5773 5
862 7207 2
863 1278 9
864 2649 14
865 3338 7
866 6195 9
867 3827 8
868 7002 11
869 5441 10
870 9771 9
871 2700 15
872 12457 5
873 11379 19
874 5226 6
875 7926 18
876 7729 4
877 1682 14
878 5740 18
879 8501 11
880 6394 6
881 9730 1
882 5427 7
883 5363 5
884 1544 1
885 3359 12
886 2931 14
887 12674 14
888 6082 4
889 502 4
890 6793 12
891 4135 10
892 8741 5
893 7159 14
894 1987 6
895 7603 16
896 674 16
897 1562 11
898 7224 15
899 1723 5
900 2989 14
901 5919 1
902 7755 10
903 8351 17
904 4836 20
905 1254 3
906 13657 16
907 2273 5
908 13116 7
909 2963 15
910 10225 15
911 9814 7
912 295 3
913 6598 6
914 8399 14
915 8154 12
916 4104 20
917 6358 19
918 3223 9
919 273 2
920 9428 3
921 2481 18
922 11208 11
923 7711 15
924 983 9
925 4274 14
926 3711 11
927 1081 2
928 7256 7
929 2846 1
930 12342 16
931 8874 6
932 1039 17
933 4914 16
934 3979 9
935 2040 15
936 9190 11
937 9274 3
938 9164 2
939 2943 1
940 9810 5
941 4056 17
942 9208 9
943 13156 3
944 5630 7
945 1386 8
946 3573 13
947 7884 12
948 10489 12
949 102 2
950 4142 18
951 6050 16
952 6957 10
953 9096 20
954 732 3
955 3094 15
956 9535 8
957 6765 3
958 7017 4
959 10063 3
960 5468 18
961 7376 17
962 3584 17
963 1052 9
964 828 15
965 5334 11
966 4101 8
967 2054 13
968 6431 9
969 993 3
970 5501 7
971 4912 5
972 1220 11
973 5341 4
974 11554 6
975 6424 6
976 6988 15
977 3081 17
978 6772 6
979 3973 8
980 7611 12
981 620 5
982 5788 14
983 4759 11
984 4176 7
985 4005 4
986 5898 5
987 9197 9
988 2614 10
989 3167 1
990 5722 20
991 4459 7
992 6735 6
993 8232 9
994 10810 20
995 4476 8
996 5247 14
997 4686 12
998 6592 10
999 4158 9
0
80
9 18
20 12
12 16
17 4
5 9
11 12
2 19
1 7
8 18
17 18
1 3
7 8
10 20
6 10
18 19
17 20
17 19
18 13
3 19
9 11
9 4
18 13
20 1
5 2
4 17
19 13
14 7
13 1
19 16
8 14
7 19
15 19
6 7
1 9
18 10
9 15
17 2
2 1
14 18
4 13
7 12
4 9
18 17
13 9
3 19
19 7
6 2
16 11
2 5
16 18
19 6
10 7
11 6
20 12
1 11
5 8
8 7
18 16
10 19
13 17
12 19
2 19
11 18
1 7
5 15
2 18
13 16
1 2
5 9
2 6
9 5
9 19
9 15
16 3
11 2
1 18
16 6
18 8
13 5
8 7
80
5 19
4 10
1 11
20 6
12 3
13 7
15 13
11 12
11 18
1 20
19 12
19 18
15 14
14 20
1 7
17 4
10 20
19 18
18 3
20 19
10 19
13 6
16 18
20 12
11 8
17 4
10 11
19 10
11 8
19 15
19 17
16 13
8 19
18 10
9 16
13 2
2 13
10 14
20 2
12 16
17 8
12 4
8 6
5 17
18 2
9 16
14 20
6 11
9 20
8 7
20 8
20 3
7 16
16 20
4 3
3 4
3 7
9 10
15 2
19 8
16 5
4 3
8 20
6 15
15 9
5 2
3 14
15 3
16 2
12 14
6 4
6 7
2 9
14 5
19 2
16 15
8 6
10 6
13 6
4 2
0
