20
800
0 12309 14
1 2247 17
2 2623 19
3 171 19
4 8894 9
5 5356 11
6 12851 9
7 1574 16
8 6435 5
9 3877 2
10 11579 13
11 4270 18
12 3549 14
13 3271 20
14 10101 14
15 50 7
16 4224 4
17 1049 17
18 5189 12
19 7622 17
20 47 16
21 10151 16
22 9057 1
23 7261 4
24 9053 4
25 1923 6
26 4446 5
27 789 8
28 3794 5
29 7386 10
30 1887 2
31 3214 5
32 1907 7
33 1196 5
34 1979 14
35 4943 6
36 27 12
37 6054 14
38 12469 9
39 8339 5
40 4136 16
41 1005 13
42 1637 3
43 12616 6
44 5228 9
45 2133 2
46 5859 20
47 14451 16
48 5540 18
49 7777 2
50 6350 10
51 3414 4
52 141 14
53 3427 1
54 4059 12
55 7639 12
56 8775 10
57 9189 10
58 6285 6
59 8983 7
60 1605 2
61 10637 5
62 7308 15
63 3658 20
64 7198 19
65 4659 8
66 10092 19
67 11839 12
68 14835 16
69 1284 15
70 1498 15
71 2729 5
72 5720 10
73 8942 6
74 6420 3
75 4099 19
76 3622 6
77 8725 9
78 6035 15
79 8429 8
80 3999 11
81 4096 17
82 5839 19
83 6845 16
84 5892 2
85 5535 14
86 1982 20
87 6699 1
88 5548 12
89 10082 16
90 10395 3
91 5833 9
92 3311 15
93 2125 5
94 6905 20
95 5348 2
96 3452 16
97 5196 5
98 2209 13
99 8141 5
100 2987 9
101 10510 15
102 6815 15
103 7671 7
104 72 17
105 5762 14
106 8332 6
107 708 14
108 3802 19
109 5146 12
110 1179 2
111 6418 15
112 8807 13
113 1132 19
114 6577 17
115 905 1
116 4825 4
117 2270 1
118 10046 5
119 6840 10
120 4889 10
121 1511 17
122 10731 10
123 13851 9
124 3360 7
125 10562 16
126 12324 13
127 6521 9
128 396 1
129 8885 19
130 4185 6
131 2282 18
132 535 20
133 7477 16
134 8567 20
135 2194 12
136 7342 9
137 149 16
138 8608 11
139 5209 17
140 4160 9
141 4542 12
142 8909 6
143 8376 3
144 7382 20
145 5619 8
146 5350 11
147 7782 13
148 6046 10
149 8071 19
150 3604 19
151 5956 15
152 9674 15
153 14841 4
154 6986 4
155 4549 17
156 4385 19
157 4464 1
158 5078 12
159 49 18
160 2673 3
161 513 10
162 6119 12
163 3665 3
164 7228 18
165 4213 3
166 9438 4
167 5960 13
168 14858 7
169 3533 12
170 2088 10
171 9056 11
172 16377 6
173 3881 20
174 5196 5
175 3981 12
176 10991 14
177 3707 14
178 8060 6
179 3560 12
180 726 1
181 6410 4
182 7264 7
183 10819 12
184 4502 6
185 2221 1
186 7532 2
187 6083 15
188 6262 20
189 4670 1
190 10221 20
191 6662 16
192 13570 14
193 9999 19
194 7965 14
195 2323 13
196 7710 10
197 6891 7
198 8649 16
199 9699 17
200 3196 15
201 8708 19
202 2469 7
203 13796 10
204 993 20
205 2923 18
206 2428 16
207 992 6
208 36 10
209 13802 11
210 3530 12
211 1042 15
212 10014 14
213 2360 9
214 565 18
215 8941 13
216 7805 5
217 3042 14
218 11333 2
219 5580 5
220 12276 17
221 7262 1
222 12014 20
223 5492 6
224 488 12
225 16022 2
226 2544 18
227 4105 12
228 1848 4
229 4084 9
230 6092 3
231 5908 18
232 7974 1
233 13064 11
234 4457 20
235 549 13
236 320 13
237 2004 2
238 2533 20
239 8712 15
240 2758 2
241 3600 15
242 4991 12
243 1284 4
244 1124 10
245 8036 8
246 7783 2
247 3005 5
248 13147 10
249 875 18
250 3447 20
251 3961 7
252 7568 13
253 13718 11
254 6648 14
255 299 6
256 14230 8
257 7635 18
258 6932 2
259 2268 8
260 5478 17
261 1865 1
262 8577 20
263 3315 19
264 5603 2
265 10409 15
266 6281 18
267 6181 18
268 6244 6
269 1700 1
270 8762 13
271 11945 17
272 8414 9
273 8982 18
274 1052 13
275 1094 18
276 1483 18
277 10545 11
278 3856 1
279 11299 12
280 1481 17
281 3031 20
282 5429 14
283 9146 7
284 5273 13
285 5950 16
286 5074 14
287 5797 11
288 24 12
289 5364 3
290 4160 19
291 4744 3
292 7215 6
293 1936 7
294 4619 6
295 3661 10
296 6877 15
297 8531 5
298 700 7
299 7636 18
300 14296 7
301 1620 13
302 1264 17
303 1037 2
304 3744 15
305 12302 11
306 5060 12
307 1873 3
308 7798 18
309 2300 19
310 10055 14
311 6373 7
312 11249 12
313 2023 2
314 18638 2
315 8710 15
316 7945 11
317 4769 13
318 1734 15
319 1095 14
320 4388 12
321 1412 16
322 6272 16
323 1282 12
324 7794 17
325 9302 13
326 1823 2
327 10367 15
328 3929 9
329 10198 11
330 6971 8
331 10050 16
332 513 3
333 4519 7
334 11531 16
335 2218 3
336 4167 9
337 3741 7
338 6278 7
339 4513 1
340 3147 2
341 10753 13
342 3009 5
343 6455 19
344 4505 15
345 5038 9
346 4243 6
347 4216 14
348 7075 6
349 291 3
350 9545 3
351 9140 5
352 4122 9
353 8624 3
354 1843 6
355 2582 12
356 5703 6
357 4144 18
358 2980 3
359 1973 1
360 2491 20
361 9226 3
362 3744 8
363 6586 13
364 3936 14
365 8275 4
366 7317 5
367 7521 3
368 7630 16
369 6459 14
370 5098 18
371 2890 3
372 8839 5
373 3141 13
374 13256 4
375 7539 5
376 14620 18
377 1465 1
378 2901 5
379 8216 5
380 8837 1
381 5159 9
382 1924 3
383 2984 11
384 7780 8
385 4171 16
386 4478 11
387 4210 19
388 797 10
389 2601 17
390 1419 13
391 12955 6
392 2860 3
393 7149 4
394 401 18
395 8575 10
396 3429 3
397 9142 16
398 4840 12
399 14497 12
400 879 14
401 5343 9
402 6652 15
403 10548 1
404 3097 17
405 5389 16
406 4641 17
407 1264 18
408 7032 13
409 9968 11
410 3732 18
411 14253 10
412 12921 14
413 4727 20
414 5860 10
415 2999 3
416 1499 18
417 10021 18
418 6396 7
419 4424 6
420 3970 5
421 12260 5
422 3313 13
423 1625 14
424 14245 20
425 5240 11
426 2843 19
427 6575 12
428 5077 10
429 3068 14
430 10438 2
431 10020 9
432 8783 14
433 4537 5
434 10161 4
435 4776 9
436 7099 3
437 9651 5
438 8639 12
439 13053 8
440 7030 18
441 2578 19
442 220 14
443 11075 13
444 3509 14
445 6739 5
446 1168 9
447 9503 16
448 3268 17
449 11561 15
450 2604 8
451 10031 1
452 8034 18
453 1749 6
454 9945 11
455 942 9
456 1298 13
457 8247 2
458 2185 19
459 2327 16
460 3452 2
461 499 9
462 9702 2
463 7738 15
464 4688 18
465 4512 15
466 7025 6
467 12944 18
468 8919 10
469 2711 6
470 8498 9
471 4465 16
472 4104 13
473 13399 9
474 3114 7
475 2843 18
476 3784 13
477 1310 19
478 7030 1
479 1872 8
480 7319 20
481 16 13
482 1547 5
483 8035 10
484 11574 17
485 7666 4
486 10390 20
487 12670 18
488 9680 14
489 867 9
490 4525 17
491 7835 20
492 3133 4
493 7033 6
494 2106 14
495 1271 20
496 7379 10
497 5066 3
498 15 7
499 4920 6
500 2737 8
501 5257 2
502 1402 1
503 3687 4
504 3834 14
505 5851 1
506 2462 8
507 5403 14
508 2294 15
509 7502 14
510 12622 1
511 5885 15
512 5764 3
513 238 7
514 8120 4
515 1588 2
516 1360 7
517 7508 4
518 5814 15
519 9982 11
520 11492 17
521 2571 3
522 5577 4
523 12921 1
524 9349 16
525 8208 4
526 10877 9
527 2279 9
528 7864 17
529 11341 11
530 12294 11
531 1372 11
532 3867 1
533 6722 8
534 3699 5
535 3236 17
536 8078 8
537 3409 10
538 3045 20
539 6628 19
540 3089 11
541 1708 9
542 2045 2
543 9562 14
544 5022 11
545 2647 12
546 3758 15
547 10530 8
548 10893 8
549 197 7
550 4200 2
551 1797 6
552 9550 6
553 1644 7
554 4355 18
555 9648 5
556 3999 1
557 11615 9
558 1084 18
559 6661 3
560 8839 15
561 4371 10
562 11238 8
563 7466 17
564 2368 20
565 22813 6
566 7918 14
567 5483 11
568 1294 10
569 5367 19
570 2930 5
571 7899 20
572 6672 4
573 13338 10
574 5640 20
575 7310 3
576 6676 16
577 4331 5
578 4174 5
579 9954 1
580 8510 11
581 2167 4
582 10 15
583 4696 10
584 10226 14
585 4876 11
586 12858 17
587 1512 4
588 5637 11
589 6323 13
590 2319 3
591 3608 5
592 7299 10
593 12697 16
594 5157 2
595 11542 6
596 7977 2
597 9438 18
598 2902 19
599 11232 15
600 171 14
601 7228 9
602 715 15
603 2668 10
604 1576 11
605 2676 12
606 6580 15
607 4690 11
608 1064 3
609 11618 6
610 6517 14
611 9536 20
612 8533 3
613 2008 17
614 3752 10
615 880 1
616 10513 18
617 259 8
618 8672 18
619 2244 13
620 6768 17
621 3207 9
622 10251 10
623 4821 10
624 8986 3
625 5854 12
626 8591 8
627 4541 17
628 8345 10
629 1793 6
630 136 20
631 8264 13
632 4823 12
633 3970 16
634 4191 14
635 7257 18
636 2329 12
637 7296 18
638 878 13
639 3167 4
640 9432 17
641 9820 1
642 62 7
643 8773 4
644 323 7
645 8298 7
646 3544 11
647 26 7
648 2709 19
649 4250 17
650 11406 4
651 9067 19
652 12089 9
653 10429 11
654 3727 15
655 3801 4
656 9810 3
657 5181 9
658 4293 11
659 1008 13
660 4520 7
661 7559 4
662 2947 16
663 590 14
664 8116 14
665 2845 18
666 3519 15
667 11061 10
668 279 8
669 6424 11
670 3528 1
671 5403 17
672 6846 8
673 8869 14
674 955 11
675 6438 10
676 6431 16
677 4913 13
678 5675 4
679 7085 9
680 6790 1
681 517 19
682 381 4
683 16276 10
684 13639 5
685 1262 9
686 7025 20
687 7823 9
688 8381 5
689 5631 12
690 829 8
691 4179 8
692 2789 20
693 5604 13
694 3792 13
695 4407 2
696 9583 7
697 10537 10
698 314 1
699 2930 8
700 1441 18
701 10506 16
702 4732 4
703 11520 2
704 2850 2
705 5116 20
706 1069 10
707 10861 10
708 3368 7
709 1683 4
710 2333 14
711 5372 14
712 4856 9
713 5506 20
714 6296 7
715 11741 9
716 3645 4
717 8633 20
718 6405 18
719 4130 12
720 4345 5
721 9263 17
722 2732 18
723 5080 9
724 717 16
725 6273 1
726 5486 2
727 5132 2
728 4393 11
729 9721 4
730 9347 13
731 8266 13
732 19944 5
733 2298 8
734 3292 10
735 433 20
736 6961 12
737 1906 18
738 7142 8
739 460 19
740 5325 14
741 9544 2
742 2006 20
743 2244 13
744 4372 5
745 1721 6
746 7390 15
747 5018 5
748 6445 15
749 1736 6
750 11914 20
751 4998 1
752 10820 6
753 3024 18
754 7655 19
755 1942 13
756 720 4
757 1830 2
758 4793 13
759 4015 7
760 11926 17
761 169 5
762 93 8
763 12650 19
764 7739 9
765 3466 4
766 7237 16
767 6067 7
768 4649 12
769 3336 5
770 4921 11
771 8291 3
772 9295 1
773 5430 11
774 9650 20
775 4341 20
776 1141 13
777 796 19
778 7441 17
779 3811 12
780 8050 2
781 20 2
782 3383 4
783 7274 4
784 10480 12
785 3733 19
786 1372 3
787 5220 11
788 2317 2
789 8877 17
790 4388 15
791 6628 19
792 6916 16
793 5220 1
794 9960 17
795 533 8
796 9988 12
797 1836 19
798 8264 19
799 3541 15
0
40
18 17
20 10
19 4
11 17
13 3
7 1
20 19
3 2
14 8
6 9
13 4
17 12
14 13
8 13
15 8
7 17
3 20
5 8
7 4
14 1
17 20
8 9
8 13
7 19
5 4
8 6
20 1
1 17
13 11
19 12
9 11
2 6
5 17
5 12
14 11
7 19
15 11
16 9
8 13
18 13
40
12 1
18 3
10 12
11 14
3 15
3 12
13 19
8 4
7 18
19 20
16 2
7 16
13 19
2 10
17 14
2 14
13 1
8 20
5 2
2 10
11 9
17 14
8 1
11 16
1 2
4 2
7 14
6 10
2 13
18 20
10 12
14 11
14 8
13 19
12 2
16 10
7 3
10 3
9 2
6 4
0
